   6.5730345845222471e-01	   7.6580514013767242e-01	   8.7878717269216267e-01	   8.6629215698835627e-01	   9.6464561608606925e-01	
   9.3327671885490415e-01	   7.8257385194301610e-01	   8.8450886947768070e-01	   9.9317489528080949e-01	   1.0831984432656803e+00	
   1.4970005869865417e+00	   8.5767740011215210e-01	   9.4059569069317406e-01	   1.0133906212696342e+00	   1.1607972325865397e+00	
   5.8782789409160618e-01	   7.7110895514488220e-01	   7.2769895408834728e-01	   9.2937702999885430e-01	   1.0343938911107848e+00	
   1.2573257803916931e+00	   8.9521834254264832e-01	   8.5590023228100365e-01	   9.5223049611243615e-01	   1.0085460989323551e+00	
   7.8339273333549497e-01	   8.2322348952293400e-01	   8.6115364091736935e-01	   9.7385724069119539e-01	   1.0731934084940538e+00	
   9.5560077428817747e-01	   7.9259715378284457e-01	   7.2976951088224140e-01	   9.3188902567828069e-01	   1.0653309048685378e+00	
   4.9969200938940050e-01	   8.3734619915485387e-01	   8.1827160290309364e-01	   9.5987019013353181e-01	   1.0300334803286926e+00	
   6.1132673770189283e-01	   9.0210055708885195e-01	   8.6958595684596474e-01	   1.0053356481821776e+00	   1.1896771704505584e+00	
   6.8779734969139095e-01	   8.1522074639797215e-01	   7.8542830901486538e-01	   1.0104756898136900e+00	   1.1965205972980641e+00	
   6.8744441866874695e-01	   7.3651769161224367e-01	   7.7263332264763973e-01	   9.6168115139983623e-01	   1.0296273993590250e+00	
   1.0130460441112519e+00	   8.7707503139972687e-01	   1.0638379667486464e+00	   9.8925124254346086e-01	   1.2384312835083398e+00	
   1.0143183231353761e+00	   7.4638737440109248e-01	   8.0120198215757099e-01	   8.2495961987054311e-01	   9.5367953630597269e-01	
   6.4018072187900543e-01	   9.2153483629226685e-01	   9.1043476973261150e-01	   9.9061323703230075e-01	   1.1015397144686840e+00	
   6.2308353185653687e-01	   8.0606759935617445e-01	   8.6717613680022099e-01	   9.6599939954853475e-01	   1.0731608374831911e+00	
   1.1738586425781250e+00	   8.4668453633785246e-01	   7.9519012783254894e-01	   9.9898794521150636e-01	   1.0634036396626843e+00	
   1.5211708545684814e+00	   8.6320001780986788e-01	   8.2028390254293171e-01	   9.1876591195445911e-01	   1.0940343245983362e+00	
   1.7380846261978149e+00	   8.0449467748403547e-01	   7.2956222721508568e-01	   8.6301742322319985e-01	   9.9694597192541634e-01	
   1.1562682509422302e+00	   8.1555002927780151e-01	   5.6073828893048427e-01	   8.7688433566826141e-01	   9.4285115840129052e-01	
   3.8349536061286926e-01	   8.4723773300647731e-01	   7.8884955602032802e-01	   9.8099052097453165e-01	   1.1154385573370662e+00	
   1.2973930478096007e+00	   7.9965242594480512e-01	   7.8378170515809742e-01	   9.0443332751554040e-01	   1.0462632789483446e+00	
   6.9777474701404574e-01	   6.8368786871433262e-01	   7.2011796491486690e-01	   9.1656768046091741e-01	   9.2675142435129276e-01	
   6.7015336155891414e-01	   7.9219795167446139e-01	   7.6786000388009212e-01	   9.4169297870218049e-01	   1.0440152524825828e+00	
   1.4099128603935243e+00	   8.8844043910503390e-01	   8.3753088116645813e-01	   8.6541570500515430e-01	   1.0595355032536844e+00	
   6.3799273073673246e-01	   9.2322071492671964e-01	   1.0052448468548911e+00	   9.5801809042301767e-01	   1.0184937067598643e+00	
   9.1805709004402158e-01	   8.0557614862918858e-01	   7.5885321838515141e-01	   9.8689245693548278e-01	   1.0588065137933633e+00	
   7.3057409226894376e-01	   7.6035796999931338e-01	   7.3442201103482929e-01	   8.9815683434778359e-01	   9.5742076487835204e-01	
   6.7091185748577120e-01	   7.5529128611087804e-01	   7.0174985698291237e-01	   9.8810917237391249e-01	   1.0866841145173343e+00	
   5.8520483970642090e-01	   8.3460637331008913e-01	   1.0071374603680201e+00	   1.0022228481711648e+00	   1.1220553791975389e+00	
   5.1361731290817259e-01	   8.1733530014753342e-01	   8.3165941068104332e-01	   9.9213235667178723e-01	   1.0703698013463097e+00	
   3.9968886673450471e-01	   7.9272423088550570e-01	   7.2384657604353764e-01	   9.4155312909309519e-01	   1.0665078038532654e+00	
   1.1452518045902251e+00	   7.8194962441921234e-01	   8.7053772381373817e-01	   9.3248159983500378e-01	   1.0174825012086628e+00	
   7.5865848660469060e-01	   7.5787258744239805e-01	   6.6396075061389381e-01	   8.9756491788089532e-01	   9.7575725051639728e-01	
   6.5188151895999913e-01	   8.2609987258911133e-01	   7.5186138493674137e-01	   9.3840741377860704e-01	   1.0317551095747877e+00	
   2.1814649533480407e-01	   9.4634516835212712e-01	   9.2167287639209206e-01	   8.6481242431368366e-01	   1.0326535045365599e+00	
   1.2975931763648987e+00	   9.5768087804317470e-01	   9.4218840769359047e-01	   1.0257500689102572e+00	   1.0986866070595915e+00	
   1.5002581477165222e+00	   7.2392970472574236e-01	   6.9541484969002865e-01	   8.8894440097059224e-01	   1.0508823659472570e+00	
   3.5417679250240325e-01	   8.1537016034126286e-01	   9.1628192578043255e-01	   8.7202834139809859e-01	   9.7572337371224394e-01	
   7.5082817077636721e-01	   7.7886032164096830e-01	   7.8359174941267284e-01	   9.3463342371007818e-01	   1.0519777478321730e+00	
   9.0555736720561986e-01	   1.0708966583013535e+00	   1.0346831977367401e+00	   1.0226892286187697e+00	   1.2072292706292713e+00	
   2.4565155148506164e+00	   8.4657848179340367e-01	   8.0293735436030800e-01	   9.7632033708037635e-01	   1.2121614502072857e+00	
   7.9604377150535588e-01	   7.6092240884900098e-01	   6.6121155236448559e-01	   8.7690513392983571e-01	   9.8153057844939839e-01	
   6.4135204255580902e-01	   7.4435266852378845e-01	   6.9534162112644737e-01	   9.5701116247989204e-01	   1.0747083018352848e+00	
   1.0421307921409606e+00	   6.6662502288818359e-01	   8.0527583616120479e-01	   8.3742724364688503e-01	   9.6237225905658008e-01	
   1.0009394764900208e+00	   9.3330850303173063e-01	   8.3544779675347469e-01	   9.8706299756291649e-01	   1.0809917788303089e+00	
